,t1,t2,t3,t4,t5,t6,t7,t8,t9
0,0.10773629,0.037061647,0.12135237,0.22806329,0.24772517,0.027515,0.06484345,0.11507844,0.050624352
1,0.061573897,0.27383298,0.054723237,0.11933189,0.05427425,0.0748714,0.16002607,0.14689225,0.054474074
2,0.0802421,0.043583877,0.07458247,0.14763826,0.037917815,0.14147857,0.16942695,0.03890033,0.26622963
3,0.05688208,0.028975923,0.034803476,0.116348445,0.53298813,0.07922337,0.06132503,0.061728682,0.02772483
4,0.07173785,0.043712135,0.070366964,0.12473734,0.050560996,0.043259,0.08608108,0.46343154,0.046113085
5,0.10708964,0.06980713,0.09760261,0.020280669,0.25292987,0.026146755,0.039398633,0.20864688,0.17809784
6,0.42741272,0.036806248,0.14712797,0.027807297,0.2348931,0.020512369,0.038476393,0.019608025,0.047355853
7,0.112451814,0.07990475,0.102806725,0.04470139,0.051915776,0.3450314,0.07764966,0.10212998,0.08340852
8,0.21394165,0.21308662,0.191988,0.13455604,0.045818307,0.054403152,0.029765775,0.08919864,0.027241798
9,0.06895369,0.23399042,0.1170766,0.084982395,0.067516916,0.06576117,0.21998899,0.072826535,0.06890328
10,0.0874442,0.05667124,0.20082036,0.06205995,0.12022993,0.3021109,0.07598843,0.050619237,0.044055715
11,0.2771652,0.049322933,0.06977775,0.11432959,0.09873421,0.041190244,0.04032133,0.26919678,0.03996193
12,0.17961037,0.033632077,0.03437846,0.1592702,0.29199472,0.08853141,0.13053548,0.04763488,0.034412403
13,0.08600598,0.24103552,0.105402775,0.06264581,0.0995614,0.06445257,0.15649965,0.051616985,0.13277932
14,0.039548688,0.29957688,0.084907606,0.10036314,0.110900484,0.03895783,0.13013259,0.03651035,0.15910241
15,0.059611306,0.06192499,0.1454945,0.062555,0.06350218,0.06542748,0.06159104,0.15280344,0.32709005
16,0.107086584,0.24955323,0.06476698,0.1025621,0.058541063,0.10203309,0.122039825,0.06980304,0.123614095
17,0.098764665,0.217553,0.05483333,0.13624758,0.25357294,0.05341852,0.08225107,0.037599843,0.065759026
18,0.10498991,0.054692317,0.3576439,0.062366035,0.08606783,0.22311106,0.05150257,0.027779084,0.03184724
19,0.042383846,0.037901368,0.23369488,0.13797794,0.14826353,0.123822495,0.042723972,0.18115088,0.05208106
20,0.042958114,0.16607651,0.28670728,0.04484853,0.16946973,0.05266324,0.14434247,0.046693392,0.046240743
21,0.04712978,0.072926804,0.0530051,0.054932773,0.1504131,0.061952543,0.0683243,0.132091,0.3592246
22,0.03609135,0.05876775,0.043969207,0.31155002,0.118628666,0.057528563,0.25844115,0.028134352,0.086888894
23,0.086539194,0.39744025,0.03689607,0.113096796,0.12316179,0.041500136,0.08707474,0.0780758,0.036215223
24,0.06725501,0.07985458,0.052515175,0.39402276,0.109015085,0.02461067,0.035600137,0.20239921,0.034727365
25,0.090192,0.048015475,0.16023077,0.025196524,0.18433131,0.032310106,0.09195553,0.22430132,0.143467
26,0.050562132,0.30278474,0.06662774,0.041039426,0.04048758,0.059582993,0.040793903,0.26074487,0.1373766
27,0.14123309,0.109906666,0.14050259,0.19358964,0.06338224,0.029379345,0.028773868,0.20812027,0.08511227
28,0.054177165,0.13338342,0.060260303,0.054230347,0.05427969,0.06708827,0.05413632,0.13745879,0.38498572
29,0.03223191,0.036570244,0.0990209,0.050841868,0.072074674,0.042281274,0.03175532,0.5855224,0.049701426
30,0.2431446,0.030174788,0.08908693,0.04141398,0.2488214,0.0822024,0.042249903,0.051682368,0.17122369
31,0.027155926,0.0217389,0.19093335,0.3535679,0.03574293,0.018519804,0.07433481,0.10228587,0.17572048
32,0.121515684,0.072435446,0.110823356,0.17702124,0.08807879,0.17141321,0.15011553,0.05504402,0.053552747
33,0.26764953,0.063759655,0.061250087,0.06071985,0.06590342,0.06571067,0.060536373,0.06060422,0.29386622
34,0.15768583,0.047736865,0.13844763,0.15167546,0.12866914,0.033634137,0.084479004,0.1008162,0.1568557
35,0.07649913,0.07790591,0.14496347,0.07259918,0.07061988,0.06990992,0.0701087,0.076020725,0.3413731
36,0.10982753,0.28190276,0.22986783,0.09427449,0.064238295,0.07286329,0.028027635,0.097054906,0.021943253
37,0.07610214,0.076254725,0.0927871,0.07600911,0.17387365,0.15870468,0.07566101,0.09651118,0.17409639
38,0.07692555,0.055488754,0.032415815,0.54923886,0.100314006,0.03437332,0.062422585,0.058097173,0.030723913
39,0.10889733,0.081422806,0.16586415,0.060475055,0.32144445,0.074504726,0.056173403,0.07694957,0.05426851
40,0.057544056,0.048231274,0.06613365,0.04825674,0.097581245,0.12656827,0.31350985,0.06676368,0.17541124
41,0.078158595,0.06626099,0.03808377,0.059334822,0.20000334,0.025821252,0.02752219,0.34071314,0.16410191
42,0.07104927,0.0519738,0.20260786,0.058737174,0.11080792,0.20953381,0.06855126,0.03173108,0.19500783
43,0.041348558,0.10794045,0.24473567,0.09664363,0.21490192,0.060831297,0.09111353,0.12353654,0.0189484
44,0.057654776,0.3110174,0.24878481,0.057863884,0.06037664,0.085772716,0.102463655,0.042421978,0.033644147
45,0.110053785,0.15790516,0.13600808,0.08502065,0.11916629,0.12937815,0.036324795,0.047708534,0.17843452
46,0.02388718,0.093816616,0.06674898,0.028070703,0.58572334,0.04122567,0.079131424,0.0251492,0.056246888
47,0.06733282,0.018308084,0.21547619,0.41768637,0.026870223,0.015185225,0.027348723,0.13587596,0.07591641
48,0.06518428,0.13145304,0.106198676,0.046381485,0.070891574,0.07527569,0.040485036,0.41585785,0.048272368
49,0.036361445,0.03979634,0.17737493,0.049117193,0.37912306,0.07723703,0.089141935,0.12267758,0.029170517
50,0.046773188,0.14161976,0.06671968,0.045507662,0.1000608,0.31662872,0.06497738,0.042766,0.17494678
51,0.047809456,0.47858205,0.04189638,0.10333246,0.043634303,0.05593346,0.14069079,0.051072203,0.037048873
52,0.026152465,0.08850175,0.0709187,0.25913993,0.025889529,0.10373147,0.12924968,0.18989587,0.10652063
53,0.15430544,0.040304955,0.046015713,0.046480265,0.038085245,0.2661133,0.07896518,0.052870512,0.2768594
54,0.03898182,0.060973603,0.14959967,0.074542664,0.32069442,0.01962179,0.062145807,0.16477153,0.10866868
55,0.043569084,0.2110114,0.11757232,0.36780062,0.035522223,0.029124353,0.032340903,0.12409339,0.038965702
56,0.14267382,0.04449415,0.05500038,0.14128801,0.38810286,0.023676738,0.03543448,0.13238777,0.036941804
57,0.059732966,0.03305828,0.10160296,0.21859021,0.2027236,0.042414125,0.09322716,0.11282402,0.13582668
58,0.04385568,0.045954797,0.42412487,0.11053239,0.06496422,0.0281423,0.14177355,0.032578506,0.108073704
59,0.059075724,0.045283034,0.12056105,0.05093539,0.05206259,0.22015901,0.3552259,0.045468304,0.051229008
60,0.115237206,0.060243636,0.112420015,0.044264253,0.08317605,0.3931265,0.052529626,0.044900574,0.0941021
61,0.06355869,0.035719126,0.03756429,0.037437662,0.12512784,0.085536815,0.20558201,0.03606553,0.37340805
62,0.08219461,0.15771623,0.060891148,0.060074676,0.08840802,0.41049424,0.028205525,0.079928935,0.032086592
63,0.032182977,0.11142149,0.049591567,0.123404875,0.10408882,0.10627101,0.17754155,0.040034004,0.2554637
64,0.037923552,0.21239516,0.08509428,0.14974026,0.09240887,0.06853323,0.28016776,0.027741814,0.045995064
65,0.034872096,0.086637035,0.11945609,0.13492325,0.042890955,0.037776038,0.036885854,0.40654954,0.10000912
66,0.04208169,0.09478344,0.23567754,0.1181227,0.28392088,0.08683102,0.046171993,0.04778524,0.044625517
67,0.08701611,0.1536927,0.16302463,0.039637107,0.04163379,0.17103733,0.17570929,0.06771803,0.10053096
68,0.11979408,0.41691697,0.024974898,0.039272413,0.027837014,0.024413781,0.11958815,0.11677668,0.11042604
69,0.034578748,0.04996914,0.05808848,0.20764673,0.29081073,0.21904743,0.06511041,0.028548637,0.046199728
70,0.119604245,0.045295905,0.057317913,0.15508047,0.2190951,0.03208072,0.108237766,0.12987629,0.13341162
71,0.029035464,0.30564317,0.068739355,0.03219535,0.3000364,0.05042197,0.04674595,0.113007896,0.05417448
72,0.104161926,0.02560555,0.049030878,0.190793,0.04858465,0.10614763,0.09642242,0.3086658,0.07058818
73,0.03723232,0.0357107,0.40812543,0.06254006,0.050140943,0.034869026,0.19823499,0.1436789,0.029467613
74,0.03948694,0.08466568,0.041595653,0.042698596,0.1083612,0.43854642,0.14178173,0.03621379,0.06664998
75,0.037351344,0.024655348,0.32660753,0.13952635,0.055429526,0.02999249,0.036210645,0.15305205,0.19717473
76,0.14292084,0.031335674,0.082922444,0.079288915,0.18677945,0.048358727,0.05140977,0.3459538,0.031030335
77,0.13302581,0.036998525,0.045090232,0.24840964,0.18440904,0.11178167,0.032152593,0.034427002,0.17370544
78,0.08919011,0.051458694,0.04235312,0.28524083,0.19520353,0.038954053,0.042046238,0.21487214,0.040681284
79,0.09917284,0.09176116,0.059073273,0.06976273,0.061517976,0.07136646,0.06623315,0.4010207,0.08009167
80,0.16324005,0.02733237,0.091083065,0.12575863,0.072081745,0.067650065,0.08178045,0.0332777,0.33779597
81,0.32426253,0.029863527,0.06577402,0.23263112,0.16193551,0.037294533,0.028641777,0.032091223,0.08750579
82,0.08770733,0.023313219,0.4456483,0.060310677,0.020347388,0.05683874,0.048858855,0.18955225,0.06742327
83,0.035708327,0.25068066,0.25706616,0.032694075,0.10449104,0.08652597,0.12855038,0.046506282,0.05777715
84,0.086098395,0.0590461,0.047440875,0.029613087,0.3545838,0.068482235,0.054256707,0.07425472,0.22622411
85,0.06039265,0.23959564,0.08864626,0.0706022,0.086154096,0.16585098,0.054508235,0.1959705,0.038279455
86,0.15896137,0.06959619,0.054065358,0.0523403,0.052534707,0.1078925,0.16381559,0.054530133,0.28626385
87,0.027640777,0.07711703,0.21812612,0.0650386,0.24341324,0.026599713,0.027891705,0.13514829,0.17902453
88,0.096901804,0.038170442,0.04013114,0.06606027,0.25403395,0.09222092,0.05061808,0.31803694,0.04382646
89,0.025456933,0.032057777,0.21661086,0.03834379,0.02680293,0.033200487,0.051331814,0.12926425,0.44693115
90,0.032074194,0.034270648,0.07719287,0.022677096,0.024891881,0.27240568,0.39169842,0.115056686,0.029732494
91,0.03429834,0.042346455,0.21074726,0.32951438,0.046304565,0.015253484,0.11709044,0.18070385,0.023741204
92,0.10492198,0.03544509,0.2739924,0.026577435,0.0249888,0.044699807,0.102404624,0.32412097,0.0628489
93,0.035387583,0.09343005,0.20667972,0.03554847,0.16534598,0.10298372,0.05402886,0.0435518,0.26304382
94,0.38232464,0.054203823,0.14659075,0.21416211,0.032296922,0.026623229,0.027773302,0.07370323,0.042321973
95,0.19361344,0.08775532,0.10497366,0.093605384,0.084116235,0.09220776,0.15763095,0.08863451,0.097462736
96,0.1683861,0.046415556,0.2574499,0.02715428,0.055818472,0.08040485,0.036475576,0.17618875,0.15170653
97,0.040286466,0.052783627,0.04670058,0.07002726,0.1970259,0.2908459,0.21670787,0.039305847,0.04631656
98,0.06963413,0.25620732,0.07908874,0.03191516,0.23352215,0.1685135,0.050214175,0.07928666,0.031618178
99,0.13832723,0.04281583,0.062290173,0.17269337,0.020204194,0.15473098,0.20078203,0.064133115,0.14402308
100,0.03930416,0.040202007,0.15554002,0.05458804,0.035909913,0.3349588,0.28194988,0.028099794,0.029447334
101,0.16054548,0.19162571,0.18985505,0.040589314,0.088593066,0.16384219,0.08675478,0.027271349,0.050923076
102,0.060778107,0.05670447,0.35636738,0.134929,0.079396784,0.011956516,0.018482123,0.20917428,0.07221136
103,0.06035933,0.03556473,0.04702665,0.11726086,0.13474521,0.1640711,0.29111713,0.11784573,0.032009304
104,0.10714462,0.16015214,0.11487054,0.23596753,0.052290566,0.082240276,0.03890614,0.16359264,0.044835575
105,0.032584567,0.031426672,0.030162895,0.27723953,0.042280417,0.026335668,0.111779064,0.22550839,0.22268282
106,0.16859858,0.061985645,0.09454839,0.054360803,0.2375599,0.056833416,0.05719642,0.15491168,0.114005156
107,0.12826394,0.043379977,0.059849966,0.037696768,0.22865081,0.37733907,0.04873128,0.031998236,0.044089936
108,0.24679206,0.06986411,0.051405437,0.05218849,0.20304911,0.036266617,0.25919244,0.052150346,0.02909141
109,0.06791871,0.04664861,0.054957207,0.09933792,0.07089026,0.19130091,0.3583618,0.056169815,0.054414716
110,0.09928968,0.044090487,0.15119913,0.059142724,0.035372145,0.13449255,0.3002268,0.092134595,0.08405185
111,0.1764293,0.026946874,0.27376238,0.2558056,0.053972762,0.07202576,0.06495517,0.048971254,0.02713085
112,0.07028172,0.056774814,0.05749276,0.23398088,0.09468493,0.13816276,0.12106634,0.08767982,0.13987596
113,0.11490397,0.025466282,0.22047728,0.15861343,0.109829985,0.09785019,0.14865568,0.03245021,0.09175295
114,0.17666467,0.032274067,0.05630108,0.12316006,0.1774138,0.081475,0.05682707,0.23542142,0.060462836
115,0.120564654,0.1250996,0.042186588,0.16214941,0.16131409,0.027708251,0.028759992,0.24920876,0.083008625
116,0.078820646,0.023936408,0.070907384,0.32067272,0.043128476,0.05496909,0.02870337,0.25448275,0.12437917
117,0.08267268,0.116285354,0.047819164,0.036746424,0.03253625,0.31662622,0.09233287,0.03830127,0.23667979
118,0.024933951,0.038990363,0.26423335,0.11014895,0.13919553,0.09460906,0.047366753,0.08957481,0.19094723
119,0.09246661,0.2629572,0.035834298,0.13835467,0.13714138,0.059110582,0.06994079,0.116721384,0.08747312
120,0.06518355,0.16385345,0.17229088,0.1453745,0.0399057,0.08915515,0.23298992,0.07224249,0.019004354
121,0.15484299,0.04209497,0.4075302,0.062490042,0.054256983,0.04849868,0.0846404,0.048146665,0.09749911
122,0.027791046,0.13069634,0.024333157,0.13068625,0.031241637,0.07333524,0.17671561,0.11398594,0.2912148
123,0.046365373,0.047413126,0.3090269,0.25861576,0.04243871,0.048824657,0.10820209,0.04379502,0.095318325
124,0.07268561,0.21566333,0.06787369,0.062167283,0.15439144,0.06629442,0.061480097,0.08251204,0.21693212
125,0.017589314,0.07564418,0.019416912,0.12524834,0.3332859,0.25602177,0.08891478,0.017335748,0.066543005
126,0.05053477,0.17568266,0.18876591,0.13187632,0.10841163,0.12524264,0.059879925,0.1199486,0.03965758
127,0.042076476,0.0524941,0.04674689,0.03316689,0.1693874,0.44261566,0.13557446,0.052707054,0.025231116
128,0.19333759,0.16157882,0.08519545,0.09553457,0.08658857,0.093204774,0.110445924,0.08927096,0.08484331
129,0.05967162,0.2197581,0.06548338,0.059520714,0.3611253,0.057006143,0.059822157,0.06077094,0.0568416
130,0.053317904,0.20401311,0.029407883,0.07969807,0.033501405,0.2216343,0.20782278,0.064820856,0.10578371
131,0.235236,0.047848836,0.10726746,0.096767314,0.061422694,0.04166825,0.057357635,0.29985142,0.052580435
132,0.12552378,0.037335012,0.055087827,0.042249896,0.07390159,0.15894763,0.042789493,0.22111249,0.2430523
133,0.037908502,0.030068472,0.055762004,0.047618847,0.22314833,0.0745537,0.021941764,0.46738988,0.04160854
134,0.052798465,0.04892265,0.24477847,0.22738269,0.17659341,0.016109904,0.030611338,0.17023027,0.032572795
135,0.057052523,0.16313973,0.1730816,0.16612002,0.08767915,0.1002337,0.12544398,0.030277591,0.09697169
136,0.16704606,0.040992286,0.045753006,0.08112902,0.041344516,0.35524517,0.03967937,0.06568902,0.16312157
137,0.29832762,0.20201439,0.05690855,0.105449595,0.04525619,0.033054117,0.1262366,0.031919044,0.10083387
138,0.143113,0.058604486,0.043695506,0.04180987,0.07548008,0.15024742,0.06933923,0.14399086,0.27371952
139,0.09949324,0.049940865,0.10505487,0.06572213,0.06687289,0.16477273,0.034719672,0.10458456,0.30883905
140,0.08620781,0.07067387,0.07568507,0.07490104,0.10905449,0.06718414,0.06934758,0.070264265,0.37668172
141,0.21403533,0.022706766,0.1633457,0.22119588,0.16239847,0.022221964,0.044914443,0.07856867,0.0706128
142,0.04118272,0.025662882,0.28901055,0.21452153,0.1458649,0.029737964,0.065945856,0.116489716,0.07158384
143,0.091622695,0.066062406,0.07365754,0.20127673,0.08202213,0.1856711,0.16952819,0.063108616,0.06705056
144,0.0792071,0.37806302,0.0455244,0.031923868,0.17629765,0.11088324,0.115629114,0.035264626,0.027207004
145,0.08325861,0.056583356,0.039353378,0.28993228,0.050930344,0.17017105,0.23975174,0.047240134,0.02277914
146,0.037887637,0.15322393,0.04559137,0.055632558,0.043284804,0.094047,0.3743186,0.14497948,0.051034663
147,0.021891031,0.014953418,0.034129154,0.5928689,0.14069584,0.008431376,0.010990457,0.07364837,0.10239142
148,0.032789364,0.03955298,0.20640472,0.0467468,0.038372364,0.42921272,0.06580688,0.037558865,0.103555314
149,0.05742227,0.025044793,0.057112727,0.6295693,0.0429613,0.03938514,0.052978523,0.07332719,0.022198716
150,0.31036454,0.2672881,0.038227174,0.04720321,0.046589922,0.115471676,0.06900685,0.07287236,0.032976132
151,0.03936542,0.08765069,0.07101562,0.11890888,0.20139845,0.028929638,0.027849564,0.21890114,0.20598063
152,0.120751925,0.086501695,0.038591906,0.15375674,0.04273345,0.22768655,0.10578747,0.07490408,0.14928617
153,0.08044178,0.17801902,0.06862071,0.06058291,0.0375972,0.109478585,0.21299247,0.046957057,0.20531027
154,0.079060726,0.29333365,0.07855368,0.05755654,0.077743426,0.16429119,0.07851987,0.099668436,0.0712725
155,0.07251018,0.05838545,0.05752666,0.05815652,0.1678315,0.07397867,0.05586762,0.055664573,0.40007877
156,0.028327,0.30455285,0.045818523,0.0510935,0.16392104,0.21589689,0.072166525,0.09817003,0.02005365
157,0.01851526,0.036890704,0.16797881,0.16867729,0.081779666,0.020599887,0.08479182,0.13091053,0.28985608
158,0.043798387,0.3140689,0.06981292,0.2905748,0.06018422,0.07323797,0.06616071,0.054383803,0.027778272
159,0.21502881,0.2598176,0.033095658,0.19319655,0.107661344,0.064321294,0.05019974,0.04591657,0.030762436
160,0.124044724,0.071708076,0.10712369,0.112964205,0.10542516,0.181496,0.12009132,0.100152284,0.076994576
161,0.05584948,0.065890424,0.102792025,0.05948341,0.2541019,0.15181722,0.16372962,0.05550637,0.0908296
162,0.053259812,0.080747,0.13959166,0.06402092,0.1159689,0.103739075,0.05264916,0.32347986,0.06654365
163,0.042122,0.041900914,0.047042362,0.06365647,0.04408014,0.17388496,0.07272579,0.06161615,0.45297125
164,0.15648818,0.040980477,0.26570737,0.034367327,0.035654362,0.06590847,0.056224592,0.30462155,0.040047646
165,0.0833662,0.15608089,0.04255539,0.17714438,0.09907878,0.046402566,0.32954714,0.03525853,0.030566074
166,0.108420484,0.07505831,0.08983775,0.20838423,0.03050791,0.06174994,0.030174626,0.08105754,0.3148092
167,0.07147377,0.12923728,0.07164072,0.04695432,0.26910412,0.23958877,0.05494279,0.045488775,0.071569435
168,0.052081842,0.06077049,0.041569475,0.28930607,0.06797937,0.020060893,0.051294714,0.20172311,0.21521404
169,0.07038597,0.02525238,0.18039155,0.20353226,0.032893527,0.011937181,0.051069114,0.03783976,0.38669825
170,0.06326618,0.07955187,0.28574046,0.03560074,0.032705154,0.16938066,0.13081743,0.038106903,0.16483058
171,0.08909912,0.08274816,0.20902133,0.074899,0.14182328,0.041936897,0.13943325,0.047148947,0.17388996
172,0.08681168,0.1708354,0.09342581,0.04281763,0.08019546,0.10949547,0.033647742,0.23598185,0.14678895
173,0.032726277,0.1268696,0.3273618,0.05928293,0.1762676,0.067324355,0.035179228,0.07757129,0.09741694
174,0.038216032,0.2718033,0.038708903,0.0483782,0.08015057,0.22201215,0.04407957,0.09507015,0.16158114
175,0.09887869,0.043107666,0.055893015,0.19642799,0.048227202,0.04115588,0.44766575,0.037161045,0.031482767
176,0.03478024,0.38629505,0.06381225,0.066302866,0.043440454,0.2195556,0.08446603,0.0558575,0.045490004
177,0.10211498,0.028931234,0.037590243,0.2856193,0.032183453,0.13395981,0.096343644,0.16748461,0.115772754
178,0.095635235,0.04680106,0.069456086,0.135331,0.07218137,0.20087539,0.056818157,0.097097956,0.22580376
179,0.13123114,0.051806577,0.038027983,0.310495,0.17448407,0.07383142,0.036332063,0.1466561,0.03713561
180,0.06031805,0.06902837,0.1444925,0.35306567,0.07823203,0.053173583,0.10028505,0.08974076,0.051663943
181,0.025676098,0.049487393,0.24618438,0.40662086,0.04107233,0.017124861,0.026410362,0.037946567,0.14947714
182,0.04962081,0.045290302,0.114267215,0.025832357,0.02116069,0.20883057,0.34237608,0.14500396,0.047618046
183,0.05949998,0.31779802,0.028686825,0.15779601,0.026921595,0.024695233,0.24029517,0.027539019,0.11676816
184,0.08158222,0.08164328,0.08157624,0.08164003,0.13717045,0.08152861,0.08159083,0.081564315,0.29170403
185,0.088479325,0.1443549,0.08107313,0.14803597,0.122249484,0.04813109,0.028615227,0.24430466,0.09475624
186,0.021824088,0.26611313,0.03943785,0.19205022,0.073359944,0.032469742,0.21769418,0.12268722,0.034363642
187,0.11632351,0.028136147,0.108728185,0.20900136,0.075122304,0.1969739,0.03180787,0.14049186,0.09341486
188,0.12645383,0.06434496,0.11724774,0.20390137,0.07631204,0.119604096,0.064224795,0.1476691,0.08024203
189,0.1345634,0.17128599,0.03425974,0.1983113,0.052647352,0.041726645,0.2239278,0.10951571,0.033762023
190,0.051733106,0.18739651,0.19091879,0.13753755,0.033090934,0.098598965,0.09043134,0.049420882,0.16087194
191,0.055983406,0.033379972,0.21658045,0.0345712,0.11728009,0.4408215,0.034146022,0.03303321,0.034204163
192,0.09787409,0.036565825,0.10862154,0.13518122,0.08230943,0.17511815,0.20484547,0.10849658,0.050987706
193,0.02531672,0.25327352,0.34036976,0.0218353,0.12758815,0.03646271,0.06662376,0.048513476,0.08001659
194,0.04250442,0.08365275,0.04543947,0.028514082,0.357924,0.064278014,0.043214343,0.08939896,0.24507391
195,0.034092925,0.024133012,0.31331694,0.04193102,0.07661952,0.01942756,0.055946756,0.020822106,0.41371015
196,0.09551212,0.028784458,0.23119499,0.091632724,0.040583704,0.02934031,0.065407895,0.26203784,0.15550596
197,0.13951905,0.0684841,0.20618585,0.27200451,0.04204439,0.14757091,0.049042076,0.036608916,0.03854025
198,0.081639044,0.03709874,0.058214996,0.062059067,0.17674728,0.036777258,0.0840856,0.11555608,0.34782192
199,0.053560447,0.048446696,0.05789627,0.072751224,0.08618188,0.048859064,0.08235403,0.18705662,0.36289376
200,0.03534259,0.106245846,0.16961704,0.042033195,0.16581857,0.12703659,0.03456792,0.2476189,0.07171935
201,0.2525778,0.067829914,0.13698821,0.06279489,0.05570046,0.06405205,0.09226694,0.05581404,0.21197565
202,0.23154292,0.0922542,0.35579646,0.029054444,0.02200318,0.029815195,0.039694514,0.09836466,0.10147441
203,0.03219627,0.049016386,0.0375851,0.18230966,0.14258488,0.073073514,0.092579946,0.27982554,0.11082871
204,0.113364466,0.17487498,0.076385796,0.22930886,0.048940655,0.04474917,0.01982366,0.20251593,0.09003651
205,0.3754046,0.049801107,0.036104046,0.1519811,0.059639625,0.1664753,0.050481137,0.03860875,0.07150434
206,0.056058314,0.10349246,0.08746269,0.1297058,0.054469205,0.17353213,0.04207396,0.30754274,0.0456627
207,0.08859586,0.10122179,0.09685675,0.055443455,0.15582839,0.04965313,0.06411092,0.14955206,0.23873763
208,0.06760154,0.040394448,0.12617871,0.08278657,0.14256781,0.11688993,0.21084249,0.16533946,0.047399025
209,0.025059108,0.14686395,0.05399234,0.17207174,0.11572548,0.3208742,0.035995368,0.037799876,0.09161792
210,0.12865171,0.39476362,0.16528659,0.023972472,0.077482976,0.035548225,0.04336965,0.10521388,0.02571091
211,0.054481316,0.04771261,0.047299426,0.03094614,0.080401294,0.06123779,0.026282746,0.0675473,0.58409137
212,0.139824,0.034222066,0.06187013,0.17858055,0.14279412,0.032624736,0.036566112,0.3377607,0.035757605
213,0.10229884,0.20286797,0.23812437,0.14061742,0.09444973,0.02750007,0.049512826,0.039244812,0.105383925
214,0.048131116,0.03243173,0.11621377,0.09538097,0.030353773,0.08338706,0.04956455,0.35040662,0.1941304
215,0.11272821,0.13704063,0.13545932,0.1663676,0.060572527,0.038018186,0.27236372,0.03872822,0.0387216
216,0.055797853,0.022877736,0.099194966,0.08576642,0.28286827,0.18518196,0.06697314,0.054379493,0.14696018
217,0.13746889,0.07612338,0.08384585,0.08579469,0.2554833,0.037739582,0.06750449,0.11889547,0.13714439
218,0.3018717,0.036178466,0.2520163,0.10982567,0.11788558,0.043083496,0.055871267,0.04932301,0.0339445
219,0.18617533,0.10072657,0.09272735,0.25333667,0.05719375,0.033916496,0.053462695,0.17982982,0.042631365
220,0.12677425,0.036179896,0.29966652,0.055277113,0.07647502,0.087245315,0.025870478,0.15358938,0.13892202
221,0.07693744,0.17350613,0.22735527,0.07018835,0.0697478,0.14060302,0.06576154,0.10619467,0.069705784
222,0.067293994,0.03457305,0.41350257,0.17136559,0.14845282,0.029339707,0.03305374,0.06654976,0.03586881
223,0.12247284,0.10897826,0.04068213,0.115768865,0.07721592,0.07662111,0.32989743,0.036181413,0.09218201
224,0.04731663,0.26643884,0.034275148,0.17951174,0.03458961,0.18301593,0.04792832,0.08549388,0.12142987
225,0.024961162,0.08958568,0.15731074,0.025994278,0.024112666,0.45076603,0.10327366,0.02791256,0.096083224
226,0.05527976,0.028277023,0.04734811,0.15196119,0.03841407,0.05242553,0.08291051,0.40293217,0.14045164
227,0.06485194,0.07184724,0.11933971,0.0785368,0.065035835,0.081844896,0.12664369,0.108906984,0.2829929
228,0.047298264,0.18264918,0.045078706,0.038441654,0.51901424,0.030430222,0.034073148,0.07387607,0.029138494
229,0.10801673,0.028435212,0.13089511,0.09347103,0.2531412,0.0222274,0.05814765,0.16998576,0.13567993
230,0.13223074,0.061636798,0.026636917,0.13877657,0.036949564,0.18636133,0.20305389,0.16746764,0.04688654
231,0.033213478,0.1893658,0.10713103,0.034809005,0.062584944,0.060364008,0.3534266,0.045850474,0.11325469
232,0.046168778,0.045514323,0.05290808,0.20338355,0.081723385,0.04286131,0.24737348,0.23938325,0.040683832
233,0.0958951,0.28512207,0.07252719,0.3337532,0.10609777,0.016490784,0.028819105,0.045163482,0.016131295
234,0.19562274,0.035921108,0.084911756,0.13067831,0.071635075,0.06671137,0.2798206,0.09834234,0.03635668
235,0.19342726,0.17532042,0.08494763,0.046161667,0.041385353,0.055283237,0.24780321,0.111577265,0.044093933
236,0.05815845,0.057281993,0.11983511,0.10148256,0.05875413,0.09373971,0.06245598,0.28986844,0.1584236
237,0.046443705,0.026533691,0.3373706,0.11796035,0.08209049,0.15757984,0.09410982,0.105501525,0.03240994
238,0.30219868,0.038655166,0.04390284,0.15020426,0.039959766,0.08556437,0.1233649,0.18181035,0.034339655
239,0.027325038,0.07634911,0.06425225,0.04181304,0.07231322,0.21778762,0.33045673,0.14404413,0.025658892
240,0.03974821,0.19607595,0.09738827,0.24367082,0.07964766,0.056611314,0.19191197,0.04887971,0.046066128
241,0.16881458,0.02263296,0.10249985,0.15484428,0.15954125,0.034099028,0.032712422,0.27619806,0.048657585
242,0.1434114,0.025207266,0.45626274,0.07020742,0.13233773,0.03297519,0.07750958,0.024184301,0.03790435
243,0.1928484,0.041123193,0.15034348,0.13120921,0.14245626,0.04215042,0.03948,0.20984596,0.0505431
244,0.042047888,0.0376609,0.08160615,0.039539568,0.040499773,0.16414085,0.26048076,0.03946615,0.294558
245,0.19481964,0.08002839,0.39931533,0.05213974,0.049092308,0.035855006,0.04441584,0.10635279,0.037980936
246,0.035390615,0.045514222,0.10474849,0.038395904,0.040111568,0.4317674,0.15369615,0.113587506,0.036788158
247,0.025524111,0.023923753,0.07052161,0.08185281,0.23710483,0.06411763,0.35764006,0.035479024,0.10383612
248,0.08412616,0.017147908,0.23133892,0.18494721,0.15650065,0.01619593,0.018874219,0.22443897,0.066430055
249,0.19599298,0.06256106,0.027918056,0.05806051,0.057549044,0.32297978,0.1171622,0.11226494,0.04551147
250,0.0900645,0.08990586,0.090355776,0.09349674,0.09183108,0.08990482,0.09026367,0.17623316,0.1879444
251,0.10453966,0.0286001,0.104351595,0.3060911,0.06403969,0.059147265,0.027499415,0.20938097,0.09635016
252,0.123014614,0.04958217,0.044988118,0.1630001,0.38057232,0.08375295,0.046540998,0.06827894,0.040269826
253,0.10731315,0.018056149,0.52136576,0.03057098,0.12237415,0.034010373,0.08101148,0.07000831,0.015289644
254,0.1624135,0.04443236,0.04465291,0.17465064,0.18230763,0.042132616,0.052163154,0.07784906,0.21939811
255,0.085565194,0.42271945,0.04706989,0.042636324,0.053187426,0.1454906,0.039868437,0.12991945,0.03354321
256,0.027499432,0.2967719,0.02889061,0.06396857,0.33751264,0.08535132,0.09659421,0.022937601,0.040473696
257,0.052046385,0.21474469,0.04354219,0.3222482,0.050447825,0.06640614,0.14661402,0.04302686,0.060923755
258,0.06158386,0.25841072,0.04238397,0.03767651,0.31088528,0.07378717,0.060545117,0.11094874,0.043778636
259,0.032646354,0.11607239,0.2246193,0.17351712,0.038877428,0.061059583,0.15046829,0.02831125,0.17442827
260,0.1785951,0.061748642,0.15216772,0.07229596,0.24421038,0.04551229,0.03718046,0.1652193,0.043070115
261,0.105689086,0.047822397,0.1382939,0.049754173,0.2287529,0.15505166,0.05911304,0.1332123,0.08231052
262,0.025710711,0.042180628,0.2060043,0.03699925,0.21512726,0.280717,0.076186046,0.06597274,0.051102087
263,0.07403817,0.06513531,0.13735048,0.04421856,0.38666654,0.15267536,0.038321663,0.05693678,0.044657115
264,0.084493086,0.033369914,0.1049131,0.11646332,0.03731279,0.047698215,0.062851176,0.05042339,0.462475
265,0.02476116,0.091943726,0.047914337,0.19891982,0.29855138,0.24659719,0.043054447,0.025481088,0.022776855
266,0.11595953,0.1989182,0.1252633,0.054460086,0.12872213,0.092850074,0.08770263,0.1303798,0.0657443
267,0.21247528,0.028437678,0.027656911,0.24367586,0.029354097,0.05707076,0.28786525,0.023590365,0.08987375
268,0.06811764,0.09132889,0.06898428,0.14940837,0.14695515,0.13515809,0.10493506,0.06702548,0.16808705
269,0.051267188,0.077501796,0.33745536,0.029336413,0.12833072,0.19772443,0.045585226,0.034448434,0.09835043
270,0.15823099,0.08376672,0.13649349,0.19692546,0.08346446,0.080845475,0.09825898,0.08125611,0.080758356
271,0.2891801,0.027891079,0.032473527,0.032262683,0.1481993,0.09304214,0.10305535,0.22524922,0.048646625
272,0.05617051,0.26648754,0.043191113,0.13210785,0.16978683,0.0196996,0.1306288,0.11153834,0.07038943
273,0.20591137,0.0914321,0.037691507,0.40088493,0.054308187,0.026140377,0.030272298,0.10588591,0.047473375
274,0.033798043,0.032723,0.16616046,0.23648079,0.05782217,0.08350196,0.06745516,0.19047295,0.13158543
275,0.039517414,0.18552326,0.0531586,0.036329977,0.41260535,0.120896235,0.031067742,0.040269837,0.080631614
276,0.028829956,0.059662674,0.18668021,0.13393696,0.19568232,0.25643685,0.09430246,0.020041415,0.024427122
277,0.061454434,0.06040563,0.060693637,0.061620094,0.06268079,0.060672212,0.061337814,0.18613686,0.38499853
278,0.072037935,0.0461517,0.05128147,0.07278214,0.08393913,0.057994165,0.15862755,0.19645566,0.26073024
279,0.04668781,0.0355958,0.03630363,0.048852634,0.096321695,0.050557267,0.06007963,0.037848428,0.5877531
280,0.16874966,0.056445215,0.051279526,0.061124407,0.29348183,0.024481928,0.20887826,0.10397712,0.03158208
281,0.08925246,0.03621065,0.0432083,0.054907925,0.043951627,0.101809114,0.28774443,0.14756924,0.19534625
282,0.052199263,0.02759357,0.25799558,0.028049553,0.029207591,0.10040485,0.029414622,0.2673097,0.20782527
283,0.075385176,0.09802943,0.06619172,0.07914681,0.10771933,0.0851709,0.2721995,0.08727772,0.12887943
284,0.035339367,0.068556204,0.29367188,0.08536497,0.04943791,0.18070512,0.15378517,0.1047506,0.028388806
285,0.111980066,0.043204542,0.10885118,0.14871386,0.23425174,0.05237042,0.19733109,0.064221606,0.039075535
286,0.0275299,0.0328302,0.10325543,0.29507113,0.04140133,0.050434258,0.06356661,0.18594563,0.19996552
287,0.067193806,0.029494168,0.1139908,0.1964414,0.17495778,0.02874914,0.05086699,0.20533627,0.1329696
288,0.072586745,0.07922367,0.2696592,0.08069137,0.040926952,0.2606749,0.037160885,0.09167907,0.06739725
289,0.04989267,0.40809223,0.0694735,0.13876528,0.048338912,0.02806378,0.057873152,0.1695536,0.02994691
290,0.11636595,0.031581573,0.16746485,0.20010644,0.26997304,0.052787684,0.09345925,0.033193264,0.035067953
291,0.08482563,0.042355902,0.25753552,0.11792968,0.052327476,0.067490965,0.26170582,0.04414785,0.07168117
292,0.11447509,0.04016766,0.06679143,0.4794639,0.11494968,0.020178303,0.025110548,0.110033914,0.028829465
293,0.029575506,0.23056589,0.037940647,0.21025346,0.04091908,0.030165812,0.102245554,0.14683487,0.17149922
294,0.083935864,0.16897847,0.078920156,0.06376421,0.12334261,0.12030298,0.2673449,0.039517302,0.053893503
295,0.07291437,0.03393962,0.10718407,0.07507266,0.042361747,0.0698582,0.04593228,0.48843747,0.06429957
296,0.037453577,0.07052317,0.036269836,0.036819007,0.24670629,0.14480555,0.27021518,0.122085236,0.035122164
297,0.05232966,0.13996324,0.11644469,0.04955698,0.028476357,0.23025832,0.20565623,0.06852334,0.10879117
298,0.07591654,0.2424863,0.032011304,0.087632395,0.059664167,0.094878286,0.02984238,0.047735322,0.32983333
299,0.13272816,0.098418035,0.13881028,0.052693404,0.11062391,0.25620458,0.050656974,0.050975088,0.10888954
300,0.039592016,0.027505174,0.38244498,0.23613372,0.11532022,0.015751703,0.027628897,0.09165649,0.063966796
301,0.05230532,0.048389565,0.021016883,0.30911326,0.061308187,0.10176015,0.23026079,0.12586825,0.049977615
302,0.10486653,0.13772866,0.21804665,0.032236956,0.20314139,0.17970622,0.052644968,0.041260995,0.030367622
303,0.05678941,0.036755484,0.06784687,0.0861727,0.036522005,0.12015185,0.2020716,0.04089157,0.35279852
304,0.04155585,0.04540019,0.05611229,0.09592074,0.038248662,0.44988284,0.1988889,0.03523509,0.038755454
305,0.03225153,0.029016238,0.3959311,0.0736014,0.03251732,0.07315862,0.073769346,0.06627138,0.22348303
306,0.21940935,0.11484273,0.034961585,0.06841872,0.10644541,0.036971226,0.18414757,0.13366543,0.101137996
307,0.1281635,0.16786881,0.13972971,0.07826482,0.05898929,0.19191945,0.089065105,0.06434864,0.08165071
308,0.09452485,0.019027896,0.35561803,0.19462213,0.106834196,0.02822763,0.02273631,0.14730033,0.031108648
309,0.045769587,0.026612468,0.11730686,0.30151716,0.21964157,0.09488416,0.024261622,0.07293079,0.0970758
310,0.13924529,0.23570971,0.16500643,0.049633946,0.036622643,0.061389625,0.14644589,0.13083626,0.035110194
311,0.13337226,0.034360606,0.037788443,0.34143803,0.02811298,0.075649865,0.11688657,0.2039317,0.02845953
312,0.18967338,0.051582534,0.055453487,0.31936243,0.056093197,0.10506142,0.11468462,0.05673854,0.051350407
313,0.13232768,0.05567052,0.20048708,0.06356565,0.3313047,0.02558686,0.03340282,0.06396282,0.09369188
314,0.036440294,0.05138091,0.30427802,0.22875614,0.033763222,0.027893351,0.030967701,0.17392215,0.112598255
315,0.04795737,0.03668343,0.09878042,0.19969144,0.0585477,0.1510074,0.05519708,0.0508669,0.30126828
316,0.17623389,0.03236112,0.058525376,0.3583444,0.16812077,0.03779503,0.03680631,0.090049826,0.041763272
317,0.06888918,0.0985299,0.043381553,0.27093145,0.06740508,0.074995235,0.1723903,0.09382773,0.10964961
318,0.112199746,0.26168182,0.04390942,0.100063734,0.1985892,0.037454177,0.12007614,0.07592062,0.05010511
319,0.07696328,0.11510802,0.036400452,0.10724217,0.43402988,0.054899774,0.0688473,0.072883725,0.033625375
320,0.15761499,0.04439057,0.06086034,0.11661568,0.03497957,0.2528255,0.25999707,0.035208482,0.037507813
321,0.03289677,0.16632311,0.10179459,0.13568246,0.35991582,0.0979337,0.028650112,0.033012215,0.0437912
322,0.060743514,0.06677071,0.08112733,0.062619776,0.14207391,0.27517644,0.079947785,0.16951242,0.062028106
323,0.06300651,0.07018944,0.05779329,0.058144998,0.06798167,0.16334885,0.08990214,0.05752745,0.3721056
324,0.08907108,0.020189412,0.12935379,0.02614926,0.074962795,0.47082672,0.11433533,0.05215073,0.022960892
325,0.024758708,0.041000843,0.14184771,0.21872477,0.030675773,0.057137523,0.025910452,0.29476354,0.16518068
326,0.046141807,0.10659201,0.42313826,0.11213657,0.017718008,0.10913383,0.05633618,0.033096567,0.09570677
327,0.13873422,0.13939008,0.40658155,0.07064507,0.095406786,0.04732267,0.052363794,0.02917533,0.020380512
328,0.033748914,0.03331316,0.05235744,0.19201022,0.035804126,0.031124678,0.31730077,0.27797055,0.02637013
329,0.0280838,0.046983294,0.27354857,0.031311132,0.19896875,0.025880443,0.2134465,0.15859585,0.023181625
330,0.12874201,0.19441469,0.10562779,0.06949129,0.06731075,0.032334127,0.3217613,0.050383963,0.029934023
331,0.07876549,0.027985407,0.036110632,0.11411679,0.28850466,0.026914857,0.027620291,0.08183005,0.31815186
332,0.0719815,0.4048445,0.08937873,0.06569981,0.07412471,0.07545429,0.06687402,0.065410234,0.08623221
333,0.10036121,0.023738146,0.2192448,0.03592961,0.3816578,0.03738123,0.092275865,0.08640991,0.023001418
334,0.03247638,0.032552194,0.09207622,0.056380708,0.07330992,0.09943266,0.059247207,0.029965464,0.5245592
335,0.058359124,0.117572814,0.055353243,0.026248725,0.42957157,0.16402799,0.044586238,0.085196815,0.019083502
336,0.18182094,0.103465,0.055038758,0.062111042,0.07863574,0.23154674,0.14261945,0.059045024,0.08571735
337,0.10337648,0.087552905,0.06671009,0.055427987,0.11836982,0.08781282,0.1605009,0.11794837,0.20230061
338,0.06161733,0.103996634,0.08897788,0.050138447,0.055853456,0.10777425,0.048882335,0.06876469,0.413995
339,0.22052024,0.10992488,0.08763953,0.059742775,0.23723142,0.023308419,0.120394684,0.019595262,0.12164276
340,0.13658771,0.017539449,0.21174245,0.1326347,0.11875198,0.026310334,0.041202404,0.21012394,0.10510707
341,0.11354656,0.048403136,0.027926574,0.041438952,0.13215083,0.22360195,0.03035068,0.29946402,0.0831173
342,0.053077705,0.17876585,0.1448299,0.1179601,0.048406847,0.21497719,0.07988315,0.06621822,0.095881
343,0.0414964,0.1403537,0.037220802,0.020987133,0.074544206,0.36444455,0.25319567,0.0490818,0.018675739
344,0.13583475,0.075061135,0.15144363,0.17648889,0.04285145,0.036059283,0.11621624,0.058986977,0.20705763
345,0.048563126,0.23829187,0.0893265,0.050946765,0.050776936,0.0546103,0.1589603,0.050316624,0.25820756
346,0.028623182,0.03691665,0.1402501,0.03580395,0.20241363,0.115422115,0.10334897,0.3065361,0.030685311
347,0.036629897,0.40931013,0.090899915,0.05091382,0.13665329,0.07684524,0.08228146,0.039004173,0.07746206
348,0.039443612,0.10403127,0.08261388,0.3023574,0.10414074,0.036141213,0.08432049,0.095107466,0.1518439
349,0.07790507,0.041557807,0.14654529,0.045883223,0.10670542,0.23159347,0.07395097,0.11069899,0.16515979
350,0.064553544,0.04762491,0.055036735,0.06276868,0.12751608,0.35638586,0.18882068,0.054184176,0.043109365
351,0.08744765,0.21058893,0.30105132,0.16025695,0.041459404,0.027576271,0.051120732,0.093383215,0.027115513
352,0.10788902,0.07500186,0.08180936,0.11088728,0.078747444,0.13631488,0.12597764,0.08874205,0.19463044
353,0.11624805,0.05596512,0.1255756,0.12203021,0.154072,0.08971823,0.021560626,0.22679572,0.08803441
354,0.042278904,0.09721626,0.36886296,0.045290366,0.05574987,0.044517156,0.04374895,0.10985778,0.19247778
355,0.023678591,0.14862388,0.17079821,0.16936076,0.07622329,0.06851766,0.27907646,0.038412593,0.025308548
356,0.26695594,0.027716551,0.1285485,0.11604573,0.08150871,0.0243261,0.057206266,0.22675806,0.07093412
357,0.03750909,0.295762,0.10804689,0.21335126,0.093756475,0.033480383,0.12471306,0.0670249,0.02635593
358,0.0811439,0.040795695,0.21012497,0.14978485,0.17113075,0.1738641,0.031056797,0.1088474,0.03325155
359,0.101267636,0.055430975,0.2514275,0.09862518,0.05576127,0.15713777,0.18346806,0.052909475,0.0439721
360,0.04958774,0.13740866,0.06922453,0.050017953,0.18475595,0.07790041,0.049154133,0.04945232,0.33249834
361,0.051964145,0.16955282,0.04354216,0.06465053,0.16867906,0.15769942,0.07728308,0.059078857,0.20754991
362,0.042046778,0.25250942,0.0703502,0.34692058,0.112272196,0.039494205,0.04754412,0.048341602,0.040520925
363,0.3530116,0.03643248,0.042206187,0.16684815,0.04280279,0.039203107,0.17023106,0.10999581,0.039268836
364,0.079882205,0.05660151,0.06921316,0.051401377,0.1211365,0.41209114,0.071197204,0.10577258,0.03270435
365,0.11098983,0.059880026,0.049987506,0.08008335,0.054946143,0.06747631,0.10639146,0.13804695,0.3321984
366,0.27595645,0.15557688,0.073291555,0.13390152,0.060412057,0.05672713,0.13009839,0.060109,0.053927027
367,0.024481764,0.2773633,0.1331025,0.0534824,0.091748476,0.11338552,0.18532954,0.0508656,0.07024094
368,0.030080829,0.11205271,0.106860444,0.07954361,0.04310282,0.38584274,0.17391065,0.025877172,0.042728987
369,0.06486849,0.05702156,0.37906742,0.13062625,0.052332867,0.034449033,0.033426728,0.08469564,0.16351196
370,0.15233885,0.027297143,0.048193958,0.05397442,0.4353447,0.15777105,0.05440779,0.04745365,0.023218412
371,0.16377172,0.25243512,0.027649896,0.0276119,0.031321798,0.14957878,0.18253183,0.121355295,0.04374365
372,0.0492132,0.10031119,0.26520187,0.10803501,0.019734478,0.11107537,0.025808804,0.18496403,0.13565601
373,0.07484538,0.030422756,0.11926574,0.098351516,0.16160393,0.07695335,0.050456706,0.27522203,0.11287862
374,0.08322916,0.21334907,0.06608745,0.08354198,0.08710229,0.08172766,0.09668858,0.036795117,0.25147867
375,0.15020947,0.029759508,0.06610141,0.10860131,0.2819623,0.032778602,0.04967348,0.14623928,0.13467462
376,0.2438822,0.023713214,0.13823281,0.033380102,0.08681428,0.03996083,0.081422254,0.20265463,0.14993966
377,0.17765641,0.091853,0.14351669,0.12627819,0.043087542,0.046767183,0.18587482,0.10793063,0.07703553
378,0.21191663,0.14115533,0.068407126,0.06597261,0.06737976,0.15859154,0.09453132,0.07841749,0.11362817
379,0.034442816,0.050327122,0.1360932,0.04604345,0.17132734,0.04411845,0.11368201,0.28616616,0.11779943
380,0.10034291,0.07724457,0.07260415,0.08724555,0.031740513,0.043400105,0.27220088,0.24523067,0.069990695
